0 00000000 00000000 0 00000000 00
0 00000000 00000000 1 00000000 00
0 00000000 00000000 2 00000000 00
0 00000000 00000000 3 00000000 00
0 00000000 00000000 4 00000000 00
0 00000000 80000000 0 80000000 00
0 00000000 80000000 1 80000000 00
0 00000000 80000000 2 80000000 00
0 00000000 80000000 3 80000000 00
0 00000000 80000000 4 80000000 00
0 00000000 00000001 0 00000000 00
0 00000000 00000001 1 00000000 00
0 00000000 00000001 2 00000000 00
0 00000000 00000001 3 00000000 00
0 00000000 00000001 4 00000000 00
0 00000000 80000001 0 80000000 00
0 00000000 80000001 1 80000000 00
0 00000000 80000001 2 80000000 00
0 00000000 80000001 3 80000000 00
0 00000000 80000001 4 80000000 00
0 00000000 007fffff 0 00000000 00
0 00000000 007fffff 1 00000000 00
0 00000000 007fffff 2 00000000 00
0 00000000 007fffff 3 00000000 00
0 00000000 007fffff 4 00000000 00
0 00000000 807fffff 0 80000000 00
0 00000000 807fffff 1 80000000 00
0 00000000 807fffff 2 80000000 00
0 00000000 807fffff 3 80000000 00
0 00000000 807fffff 4 80000000 00
0 00000000 00800000 0 00000000 00
0 00000000 00800000 1 00000000 00
0 00000000 00800000 2 00000000 00
0 00000000 00800000 3 00000000 00
0 00000000 00800000 4 00000000 00
0 00000000 80800000 0 80000000 00
0 00000000 80800000 1 80000000 00
0 00000000 80800000 2 80000000 00
0 00000000 80800000 3 80000000 00
0 00000000 80800000 4 80000000 00
0 00000000 3f800000 0 00000000 00
0 00000000 3f800000 1 00000000 00
0 00000000 3f800000 2 00000000 00
0 00000000 3f800000 3 00000000 00
0 00000000 3f800000 4 00000000 00
0 00000000 bf800000 0 80000000 00
0 00000000 bf800000 1 80000000 00
0 00000000 bf800000 2 80000000 00
0 00000000 bf800000 3 80000000 00
0 00000000 bf800000 4 80000000 00
0 00000000 3f800001 0 00000000 00
0 00000000 3f800001 1 00000000 00
0 00000000 3f800001 2 00000000 00
0 00000000 3f800001 3 00000000 00
0 00000000 3f800001 4 00000000 00
0 00000000 bf800001 0 80000000 00
0 00000000 bf800001 1 80000000 00
0 00000000 bf800001 2 80000000 00
0 00000000 bf800001 3 80000000 00
0 00000000 bf800001 4 80000000 00
0 00000000 40000000 0 00000000 00
0 00000000 40000000 1 00000000 00
0 00000000 40000000 2 00000000 00
0 00000000 40000000 3 00000000 00
0 00000000 40000000 4 00000000 00
0 00000000 c0000000 0 80000000 00
0 00000000 c0000000 1 80000000 00
0 00000000 c0000000 2 80000000 00
0 00000000 c0000000 3 80000000 00
0 00000000 c0000000 4 80000000 00
0 00000000 7f7fffff 0 00000000 00
0 00000000 7f7fffff 1 00000000 00
0 00000000 7f7fffff 2 00000000 00
0 00000000 7f7fffff 3 00000000 00
0 00000000 7f7fffff 4 00000000 00
0 00000000 ff7fffff 0 80000000 00
0 00000000 ff7fffff 1 80000000 00
0 00000000 ff7fffff 2 80000000 00
0 00000000 ff7fffff 3 80000000 00
0 00000000 ff7fffff 4 80000000 00
0 00000000 7f800000 0 7fc00000 10
0 00000000 7f800000 1 7fc00000 10
0 00000000 7f800000 2 7fc00000 10
0 00000000 7f800000 3 7fc00000 10
0 00000000 7f800000 4 7fc00000 10
0 00000000 ff800000 0 ffc00000 10
0 00000000 ff800000 1 ffc00000 10
0 00000000 ff800000 2 ffc00000 10
0 00000000 ff800000 3 ffc00000 10
0 00000000 ff800000 4 ffc00000 10
0 00000000 7fffffff 0 7fffffff 00
0 00000000 7fffffff 1 7fffffff 00
0 00000000 7fffffff 2 7fffffff 00
0 00000000 7fffffff 3 7fffffff 00
0 00000000 7fffffff 4 7fffffff 00
0 00000000 ffffffff 0 ffffffff 00
0 00000000 ffffffff 1 ffffffff 00
0 00000000 ffffffff 2 ffffffff 00
0 00000000 ffffffff 3 ffffffff 00
0 00000000 ffffffff 4 ffffffff 00
0 00000000 7f800001 0 7fc00001 10
0 00000000 7f800001 1 7fc00001 10
0 00000000 7f800001 2 7fc00001 10
0 00000000 7f800001 3 7fc00001 10
0 00000000 7f800001 4 7fc00001 10
0 00000000 ff800001 0 ffc00001 10
0 00000000 ff800001 1 ffc00001 10
0 00000000 ff800001 2 ffc00001 10
0 00000000 ff800001 3 ffc00001 10
0 00000000 ff800001 4 ffc00001 10
0 80000000 00000000 0 80000000 00
0 80000000 00000000 1 80000000 00
0 80000000 00000000 2 80000000 00
0 80000000 00000000 3 80000000 00
0 80000000 00000000 4 80000000 00
0 80000000 80000000 0 00000000 00
0 80000000 80000000 1 00000000 00
0 80000000 80000000 2 00000000 00
0 80000000 80000000 3 00000000 00
0 80000000 80000000 4 00000000 00
0 80000000 00000001 0 80000000 00
0 80000000 00000001 1 80000000 00
0 80000000 00000001 2 80000000 00
0 80000000 00000001 3 80000000 00
0 80000000 00000001 4 80000000 00
0 80000000 80000001 0 00000000 00
0 80000000 80000001 1 00000000 00
0 80000000 80000001 2 00000000 00
0 80000000 80000001 3 00000000 00
0 80000000 80000001 4 00000000 00
0 80000000 007fffff 0 80000000 00
0 80000000 007fffff 1 80000000 00
0 80000000 007fffff 2 80000000 00
0 80000000 007fffff 3 80000000 00
0 80000000 007fffff 4 80000000 00
0 80000000 807fffff 0 00000000 00
0 80000000 807fffff 1 00000000 00
0 80000000 807fffff 2 00000000 00
0 80000000 807fffff 3 00000000 00
0 80000000 807fffff 4 00000000 00
0 80000000 00800000 0 80000000 00
0 80000000 00800000 1 80000000 00
0 80000000 00800000 2 80000000 00
0 80000000 00800000 3 80000000 00
0 80000000 00800000 4 80000000 00
0 80000000 80800000 0 00000000 00
0 80000000 80800000 1 00000000 00
0 80000000 80800000 2 00000000 00
0 80000000 80800000 3 00000000 00
0 80000000 80800000 4 00000000 00
0 80000000 3f800000 0 80000000 00
0 80000000 3f800000 1 80000000 00
0 80000000 3f800000 2 80000000 00
0 80000000 3f800000 3 80000000 00
0 80000000 3f800000 4 80000000 00
0 80000000 bf800000 0 00000000 00
0 80000000 bf800000 1 00000000 00
0 80000000 bf800000 2 00000000 00
0 80000000 bf800000 3 00000000 00
0 80000000 bf800000 4 00000000 00
0 80000000 3f800001 0 80000000 00
0 80000000 3f800001 1 80000000 00
0 80000000 3f800001 2 80000000 00
0 80000000 3f800001 3 80000000 00
0 80000000 3f800001 4 80000000 00
0 80000000 bf800001 0 00000000 00
0 80000000 bf800001 1 00000000 00
0 80000000 bf800001 2 00000000 00
0 80000000 bf800001 3 00000000 00
0 80000000 bf800001 4 00000000 00
0 80000000 40000000 0 80000000 00
0 80000000 40000000 1 80000000 00
0 80000000 40000000 2 80000000 00
0 80000000 40000000 3 80000000 00
0 80000000 40000000 4 80000000 00
0 80000000 c0000000 0 00000000 00
0 80000000 c0000000 1 00000000 00
0 80000000 c0000000 2 00000000 00
0 80000000 c0000000 3 00000000 00
0 80000000 c0000000 4 00000000 00
0 80000000 7f7fffff 0 80000000 00
0 80000000 7f7fffff 1 80000000 00
0 80000000 7f7fffff 2 80000000 00
0 80000000 7f7fffff 3 80000000 00
0 80000000 7f7fffff 4 80000000 00
0 80000000 ff7fffff 0 00000000 00
0 80000000 ff7fffff 1 00000000 00
0 80000000 ff7fffff 2 00000000 00
0 80000000 ff7fffff 3 00000000 00
0 80000000 ff7fffff 4 00000000 00
0 80000000 7f800000 0 ffc00000 10
0 80000000 7f800000 1 ffc00000 10
0 80000000 7f800000 2 ffc00000 10
0 80000000 7f800000 3 ffc00000 10
0 80000000 7f800000 4 ffc00000 10
0 80000000 ff800000 0 7fc00000 10
0 80000000 ff800000 1 7fc00000 10
0 80000000 ff800000 2 7fc00000 10
0 80000000 ff800000 3 7fc00000 10
0 80000000 ff800000 4 7fc00000 10
0 80000000 7fffffff 0 ffffffff 00
0 80000000 7fffffff 1 ffffffff 00
0 80000000 7fffffff 2 ffffffff 00
0 80000000 7fffffff 3 ffffffff 00
0 80000000 7fffffff 4 ffffffff 00
0 80000000 ffffffff 0 7fffffff 00
0 80000000 ffffffff 1 7fffffff 00
0 80000000 ffffffff 2 7fffffff 00
0 80000000 ffffffff 3 7fffffff 00
0 80000000 ffffffff 4 7fffffff 00
0 80000000 7f800001 0 ffc00001 10
0 80000000 7f800001 1 ffc00001 10
0 80000000 7f800001 2 ffc00001 10
0 80000000 7f800001 3 ffc00001 10
0 80000000 7f800001 4 ffc00001 10
0 80000000 ff800001 0 7fc00001 10
0 80000000 ff800001 1 7fc00001 10
0 80000000 ff800001 2 7fc00001 10
0 80000000 ff800001 3 7fc00001 10
0 80000000 ff800001 4 7fc00001 10
0 00000001 00000000 0 00000000 00
0 00000001 00000000 1 00000000 00
0 00000001 00000000 2 00000000 00
0 00000001 00000000 3 00000000 00
0 00000001 00000000 4 00000000 00
0 00000001 80000000 0 80000000 00
0 00000001 80000000 1 80000000 00
0 00000001 80000000 2 80000000 00
0 00000001 80000000 3 80000000 00
0 00000001 80000000 4 80000000 00
0 00000001 00000001 0 00000000 03
0 00000001 00000001 1 00000000 03
0 00000001 00000001 2 00000000 03
0 00000001 00000001 3 00000001 03
0 00000001 00000001 4 00000000 03
0 00000001 80000001 0 80000000 03
0 00000001 80000001 1 80000000 03
0 00000001 80000001 2 80000001 03
0 00000001 80000001 3 80000000 03
0 00000001 80000001 4 80000000 03
0 00000001 007fffff 0 00000000 03
0 00000001 007fffff 1 00000000 03
0 00000001 007fffff 2 00000000 03
0 00000001 007fffff 3 00000001 03
0 00000001 007fffff 4 00000000 03
0 00000001 807fffff 0 80000000 03
0 00000001 807fffff 1 80000000 03
0 00000001 807fffff 2 80000001 03
0 00000001 807fffff 3 80000000 03
0 00000001 807fffff 4 80000000 03
0 00000001 00800000 0 00000000 03
0 00000001 00800000 1 00000000 03
0 00000001 00800000 2 00000000 03
0 00000001 00800000 3 00000001 03
0 00000001 00800000 4 00000000 03
0 00000001 80800000 0 80000000 03
0 00000001 80800000 1 80000000 03
0 00000001 80800000 2 80000001 03
0 00000001 80800000 3 80000000 03
0 00000001 80800000 4 80000000 03
0 00000001 3f800000 0 00000001 00
0 00000001 3f800000 1 00000001 00
0 00000001 3f800000 2 00000001 00
0 00000001 3f800000 3 00000001 00
0 00000001 3f800000 4 00000001 00
0 00000001 bf800000 0 80000001 00
0 00000001 bf800000 1 80000001 00
0 00000001 bf800000 2 80000001 00
0 00000001 bf800000 3 80000001 00
0 00000001 bf800000 4 80000001 00
0 00000001 3f800001 0 00000001 03
0 00000001 3f800001 1 00000001 03
0 00000001 3f800001 2 00000001 03
0 00000001 3f800001 3 00000002 03
0 00000001 3f800001 4 00000001 03
0 00000001 bf800001 0 80000001 03
0 00000001 bf800001 1 80000001 03
0 00000001 bf800001 2 80000002 03
0 00000001 bf800001 3 80000001 03
0 00000001 bf800001 4 80000001 03
0 00000001 40000000 0 00000002 00
0 00000001 40000000 1 00000002 00
0 00000001 40000000 2 00000002 00
0 00000001 40000000 3 00000002 00
0 00000001 40000000 4 00000002 00
0 00000001 c0000000 0 80000002 00
0 00000001 c0000000 1 80000002 00
0 00000001 c0000000 2 80000002 00
0 00000001 c0000000 3 80000002 00
0 00000001 c0000000 4 80000002 00
0 00000001 7f7fffff 0 34ffffff 00
0 00000001 7f7fffff 1 34ffffff 00
0 00000001 7f7fffff 2 34ffffff 00
0 00000001 7f7fffff 3 34ffffff 00
0 00000001 7f7fffff 4 34ffffff 00
0 00000001 ff7fffff 0 b4ffffff 00
0 00000001 ff7fffff 1 b4ffffff 00
0 00000001 ff7fffff 2 b4ffffff 00
0 00000001 ff7fffff 3 b4ffffff 00
0 00000001 ff7fffff 4 b4ffffff 00
0 00000001 7f800000 0 7f800000 00
0 00000001 7f800000 1 7f800000 00
0 00000001 7f800000 2 7f800000 00
0 00000001 7f800000 3 7f800000 00
0 00000001 7f800000 4 7f800000 00
0 00000001 ff800000 0 ff800000 00
0 00000001 ff800000 1 ff800000 00
0 00000001 ff800000 2 ff800000 00
0 00000001 ff800000 3 ff800000 00
0 00000001 ff800000 4 ff800000 00
0 00000001 7fffffff 0 7fffffff 00
0 00000001 7fffffff 1 7fffffff 00
0 00000001 7fffffff 2 7fffffff 00
0 00000001 7fffffff 3 7fffffff 00
0 00000001 7fffffff 4 7fffffff 00
0 00000001 ffffffff 0 ffffffff 00
0 00000001 ffffffff 1 ffffffff 00
0 00000001 ffffffff 2 ffffffff 00
0 00000001 ffffffff 3 ffffffff 00
0 00000001 ffffffff 4 ffffffff 00
0 00000001 7f800001 0 7fc00001 10
0 00000001 7f800001 1 7fc00001 10
0 00000001 7f800001 2 7fc00001 10
0 00000001 7f800001 3 7fc00001 10
0 00000001 7f800001 4 7fc00001 10
0 00000001 ff800001 0 ffc00001 10
0 00000001 ff800001 1 ffc00001 10
0 00000001 ff800001 2 ffc00001 10
0 00000001 ff800001 3 ffc00001 10
0 00000001 ff800001 4 ffc00001 10
0 80000001 00000000 0 80000000 00
0 80000001 00000000 1 80000000 00
0 80000001 00000000 2 80000000 00
0 80000001 00000000 3 80000000 00
0 80000001 00000000 4 80000000 00
0 80000001 80000000 0 00000000 00
0 80000001 80000000 1 00000000 00
0 80000001 80000000 2 00000000 00
0 80000001 80000000 3 00000000 00
0 80000001 80000000 4 00000000 00
0 80000001 00000001 0 80000000 03
0 80000001 00000001 1 80000000 03
0 80000001 00000001 2 80000001 03
0 80000001 00000001 3 80000000 03
0 80000001 00000001 4 80000000 03
0 80000001 80000001 0 00000000 03
0 80000001 80000001 1 00000000 03
0 80000001 80000001 2 00000000 03
0 80000001 80000001 3 00000001 03
0 80000001 80000001 4 00000000 03
0 80000001 007fffff 0 80000000 03
0 80000001 007fffff 1 80000000 03
0 80000001 007fffff 2 80000001 03
0 80000001 007fffff 3 80000000 03
0 80000001 007fffff 4 80000000 03
0 80000001 807fffff 0 00000000 03
0 80000001 807fffff 1 00000000 03
0 80000001 807fffff 2 00000000 03
0 80000001 807fffff 3 00000001 03
0 80000001 807fffff 4 00000000 03
0 80000001 00800000 0 80000000 03
0 80000001 00800000 1 80000000 03
0 80000001 00800000 2 80000001 03
0 80000001 00800000 3 80000000 03
0 80000001 00800000 4 80000000 03
0 80000001 80800000 0 00000000 03
0 80000001 80800000 1 00000000 03
0 80000001 80800000 2 00000000 03
0 80000001 80800000 3 00000001 03
0 80000001 80800000 4 00000000 03
0 80000001 3f800000 0 80000001 00
0 80000001 3f800000 1 80000001 00
0 80000001 3f800000 2 80000001 00
0 80000001 3f800000 3 80000001 00
0 80000001 3f800000 4 80000001 00
0 80000001 bf800000 0 00000001 00
0 80000001 bf800000 1 00000001 00
0 80000001 bf800000 2 00000001 00
0 80000001 bf800000 3 00000001 00
0 80000001 bf800000 4 00000001 00
0 80000001 3f800001 0 80000001 03
0 80000001 3f800001 1 80000001 03
0 80000001 3f800001 2 80000002 03
0 80000001 3f800001 3 80000001 03
0 80000001 3f800001 4 80000001 03
0 80000001 bf800001 0 00000001 03
0 80000001 bf800001 1 00000001 03
0 80000001 bf800001 2 00000001 03
0 80000001 bf800001 3 00000002 03
0 80000001 bf800001 4 00000001 03
0 80000001 40000000 0 80000002 00
0 80000001 40000000 1 80000002 00
0 80000001 40000000 2 80000002 00
0 80000001 40000000 3 80000002 00
0 80000001 40000000 4 80000002 00
0 80000001 c0000000 0 00000002 00
0 80000001 c0000000 1 00000002 00
0 80000001 c0000000 2 00000002 00
0 80000001 c0000000 3 00000002 00
0 80000001 c0000000 4 00000002 00
0 80000001 7f7fffff 0 b4ffffff 00
0 80000001 7f7fffff 1 b4ffffff 00
0 80000001 7f7fffff 2 b4ffffff 00
0 80000001 7f7fffff 3 b4ffffff 00
0 80000001 7f7fffff 4 b4ffffff 00
0 80000001 ff7fffff 0 34ffffff 00
0 80000001 ff7fffff 1 34ffffff 00
0 80000001 ff7fffff 2 34ffffff 00
0 80000001 ff7fffff 3 34ffffff 00
0 80000001 ff7fffff 4 34ffffff 00
0 80000001 7f800000 0 ff800000 00
0 80000001 7f800000 1 ff800000 00
0 80000001 7f800000 2 ff800000 00
0 80000001 7f800000 3 ff800000 00
0 80000001 7f800000 4 ff800000 00
0 80000001 ff800000 0 7f800000 00
0 80000001 ff800000 1 7f800000 00
0 80000001 ff800000 2 7f800000 00
0 80000001 ff800000 3 7f800000 00
0 80000001 ff800000 4 7f800000 00
0 80000001 7fffffff 0 ffffffff 00
0 80000001 7fffffff 1 ffffffff 00
0 80000001 7fffffff 2 ffffffff 00
0 80000001 7fffffff 3 ffffffff 00
0 80000001 7fffffff 4 ffffffff 00
0 80000001 ffffffff 0 7fffffff 00
0 80000001 ffffffff 1 7fffffff 00
0 80000001 ffffffff 2 7fffffff 00
0 80000001 ffffffff 3 7fffffff 00
0 80000001 ffffffff 4 7fffffff 00
0 80000001 7f800001 0 ffc00001 10
0 80000001 7f800001 1 ffc00001 10
0 80000001 7f800001 2 ffc00001 10
0 80000001 7f800001 3 ffc00001 10
0 80000001 7f800001 4 ffc00001 10
0 80000001 ff800001 0 7fc00001 10
0 80000001 ff800001 1 7fc00001 10
0 80000001 ff800001 2 7fc00001 10
0 80000001 ff800001 3 7fc00001 10
0 80000001 ff800001 4 7fc00001 10
0 007fffff 00000000 0 00000000 00
0 007fffff 00000000 1 00000000 00
0 007fffff 00000000 2 00000000 00
0 007fffff 00000000 3 00000000 00
0 007fffff 00000000 4 00000000 00
0 007fffff 80000000 0 80000000 00
0 007fffff 80000000 1 80000000 00
0 007fffff 80000000 2 80000000 00
0 007fffff 80000000 3 80000000 00
0 007fffff 80000000 4 80000000 00
0 007fffff 00000001 0 00000000 03
0 007fffff 00000001 1 00000000 03
0 007fffff 00000001 2 00000000 03
0 007fffff 00000001 3 00000001 03
0 007fffff 00000001 4 00000000 03
0 007fffff 80000001 0 80000000 03
0 007fffff 80000001 1 80000000 03
0 007fffff 80000001 2 80000001 03
0 007fffff 80000001 3 80000000 03
0 007fffff 80000001 4 80000000 03
0 007fffff 007fffff 0 00000000 03
0 007fffff 007fffff 1 00000000 03
0 007fffff 007fffff 2 00000000 03
0 007fffff 007fffff 3 00000001 03
0 007fffff 007fffff 4 00000000 03
0 007fffff 807fffff 0 80000000 03
0 007fffff 807fffff 1 80000000 03
0 007fffff 807fffff 2 80000001 03
0 007fffff 807fffff 3 80000000 03
0 007fffff 807fffff 4 80000000 03
0 007fffff 00800000 0 00000000 03
0 007fffff 00800000 1 00000000 03
0 007fffff 00800000 2 00000000 03
0 007fffff 00800000 3 00000001 03
0 007fffff 00800000 4 00000000 03
0 007fffff 80800000 0 80000000 03
0 007fffff 80800000 1 80000000 03
0 007fffff 80800000 2 80000001 03
0 007fffff 80800000 3 80000000 03
0 007fffff 80800000 4 80000000 03
0 007fffff 3f800000 0 007fffff 00
0 007fffff 3f800000 1 007fffff 00
0 007fffff 3f800000 2 007fffff 00
0 007fffff 3f800000 3 007fffff 00
0 007fffff 3f800000 4 007fffff 00
0 007fffff bf800000 0 807fffff 00
0 007fffff bf800000 1 807fffff 00
0 007fffff bf800000 2 807fffff 00
0 007fffff bf800000 3 807fffff 00
0 007fffff bf800000 4 807fffff 00
0 007fffff 3f800001 0 00800000 03
0 007fffff 3f800001 1 007fffff 03
0 007fffff 3f800001 2 007fffff 03
0 007fffff 3f800001 3 00800000 03
0 007fffff 3f800001 4 00800000 03
0 007fffff bf800001 0 80800000 03
0 007fffff bf800001 1 807fffff 03
0 007fffff bf800001 2 80800000 03
0 007fffff bf800001 3 807fffff 03
0 007fffff bf800001 4 80800000 03
0 007fffff 40000000 0 00fffffe 00
0 007fffff 40000000 1 00fffffe 00
0 007fffff 40000000 2 00fffffe 00
0 007fffff 40000000 3 00fffffe 00
0 007fffff 40000000 4 00fffffe 00
0 007fffff c0000000 0 80fffffe 00
0 007fffff c0000000 1 80fffffe 00
0 007fffff c0000000 2 80fffffe 00
0 007fffff c0000000 3 80fffffe 00
0 007fffff c0000000 4 80fffffe 00
0 007fffff 7f7fffff 0 407ffffd 01
0 007fffff 7f7fffff 1 407ffffd 01
0 007fffff 7f7fffff 2 407ffffd 01
0 007fffff 7f7fffff 3 407ffffe 01
0 007fffff 7f7fffff 4 407ffffd 01
0 007fffff ff7fffff 0 c07ffffd 01
0 007fffff ff7fffff 1 c07ffffd 01
0 007fffff ff7fffff 2 c07ffffe 01
0 007fffff ff7fffff 3 c07ffffd 01
0 007fffff ff7fffff 4 c07ffffd 01
0 007fffff 7f800000 0 7f800000 00
0 007fffff 7f800000 1 7f800000 00
0 007fffff 7f800000 2 7f800000 00
0 007fffff 7f800000 3 7f800000 00
0 007fffff 7f800000 4 7f800000 00
0 007fffff ff800000 0 ff800000 00
0 007fffff ff800000 1 ff800000 00
0 007fffff ff800000 2 ff800000 00
0 007fffff ff800000 3 ff800000 00
0 007fffff ff800000 4 ff800000 00
0 007fffff 7fffffff 0 7fffffff 00
0 007fffff 7fffffff 1 7fffffff 00
0 007fffff 7fffffff 2 7fffffff 00
0 007fffff 7fffffff 3 7fffffff 00
0 007fffff 7fffffff 4 7fffffff 00
0 007fffff ffffffff 0 ffffffff 00
0 007fffff ffffffff 1 ffffffff 00
0 007fffff ffffffff 2 ffffffff 00
0 007fffff ffffffff 3 ffffffff 00
0 007fffff ffffffff 4 ffffffff 00
0 007fffff 7f800001 0 7fc00001 10
0 007fffff 7f800001 1 7fc00001 10
0 007fffff 7f800001 2 7fc00001 10
0 007fffff 7f800001 3 7fc00001 10
0 007fffff 7f800001 4 7fc00001 10
0 007fffff ff800001 0 ffc00001 10
0 007fffff ff800001 1 ffc00001 10
0 007fffff ff800001 2 ffc00001 10
0 007fffff ff800001 3 ffc00001 10
0 007fffff ff800001 4 ffc00001 10
0 807fffff 00000000 0 80000000 00
0 807fffff 00000000 1 80000000 00
0 807fffff 00000000 2 80000000 00
0 807fffff 00000000 3 80000000 00
0 807fffff 00000000 4 80000000 00
0 807fffff 80000000 0 00000000 00
0 807fffff 80000000 1 00000000 00
0 807fffff 80000000 2 00000000 00
0 807fffff 80000000 3 00000000 00
0 807fffff 80000000 4 00000000 00
0 807fffff 00000001 0 80000000 03
0 807fffff 00000001 1 80000000 03
0 807fffff 00000001 2 80000001 03
0 807fffff 00000001 3 80000000 03
0 807fffff 00000001 4 80000000 03
0 807fffff 80000001 0 00000000 03
0 807fffff 80000001 1 00000000 03
0 807fffff 80000001 2 00000000 03
0 807fffff 80000001 3 00000001 03
0 807fffff 80000001 4 00000000 03
0 807fffff 007fffff 0 80000000 03
0 807fffff 007fffff 1 80000000 03
0 807fffff 007fffff 2 80000001 03
0 807fffff 007fffff 3 80000000 03
0 807fffff 007fffff 4 80000000 03
0 807fffff 807fffff 0 00000000 03
0 807fffff 807fffff 1 00000000 03
0 807fffff 807fffff 2 00000000 03
0 807fffff 807fffff 3 00000001 03
0 807fffff 807fffff 4 00000000 03
0 807fffff 00800000 0 80000000 03
0 807fffff 00800000 1 80000000 03
0 807fffff 00800000 2 80000001 03
0 807fffff 00800000 3 80000000 03
0 807fffff 00800000 4 80000000 03
0 807fffff 80800000 0 00000000 03
0 807fffff 80800000 1 00000000 03
0 807fffff 80800000 2 00000000 03
0 807fffff 80800000 3 00000001 03
0 807fffff 80800000 4 00000000 03
0 807fffff 3f800000 0 807fffff 00
0 807fffff 3f800000 1 807fffff 00
0 807fffff 3f800000 2 807fffff 00
0 807fffff 3f800000 3 807fffff 00
0 807fffff 3f800000 4 807fffff 00
0 807fffff bf800000 0 007fffff 00
0 807fffff bf800000 1 007fffff 00
0 807fffff bf800000 2 007fffff 00
0 807fffff bf800000 3 007fffff 00
0 807fffff bf800000 4 007fffff 00
0 807fffff 3f800001 0 80800000 03
0 807fffff 3f800001 1 807fffff 03
0 807fffff 3f800001 2 80800000 03
0 807fffff 3f800001 3 807fffff 03
0 807fffff 3f800001 4 80800000 03
0 807fffff bf800001 0 00800000 03
0 807fffff bf800001 1 007fffff 03
0 807fffff bf800001 2 007fffff 03
0 807fffff bf800001 3 00800000 03
0 807fffff bf800001 4 00800000 03
0 807fffff 40000000 0 80fffffe 00
0 807fffff 40000000 1 80fffffe 00
0 807fffff 40000000 2 80fffffe 00
0 807fffff 40000000 3 80fffffe 00
0 807fffff 40000000 4 80fffffe 00
0 807fffff c0000000 0 00fffffe 00
0 807fffff c0000000 1 00fffffe 00
0 807fffff c0000000 2 00fffffe 00
0 807fffff c0000000 3 00fffffe 00
0 807fffff c0000000 4 00fffffe 00
0 807fffff 7f7fffff 0 c07ffffd 01
0 807fffff 7f7fffff 1 c07ffffd 01
0 807fffff 7f7fffff 2 c07ffffe 01
0 807fffff 7f7fffff 3 c07ffffd 01
0 807fffff 7f7fffff 4 c07ffffd 01
0 807fffff ff7fffff 0 407ffffd 01
0 807fffff ff7fffff 1 407ffffd 01
0 807fffff ff7fffff 2 407ffffd 01
0 807fffff ff7fffff 3 407ffffe 01
0 807fffff ff7fffff 4 407ffffd 01
0 807fffff 7f800000 0 ff800000 00
0 807fffff 7f800000 1 ff800000 00
0 807fffff 7f800000 2 ff800000 00
0 807fffff 7f800000 3 ff800000 00
0 807fffff 7f800000 4 ff800000 00
0 807fffff ff800000 0 7f800000 00
0 807fffff ff800000 1 7f800000 00
0 807fffff ff800000 2 7f800000 00
0 807fffff ff800000 3 7f800000 00
0 807fffff ff800000 4 7f800000 00
0 807fffff 7fffffff 0 ffffffff 00
0 807fffff 7fffffff 1 ffffffff 00
0 807fffff 7fffffff 2 ffffffff 00
0 807fffff 7fffffff 3 ffffffff 00
0 807fffff 7fffffff 4 ffffffff 00
0 807fffff ffffffff 0 7fffffff 00
0 807fffff ffffffff 1 7fffffff 00
0 807fffff ffffffff 2 7fffffff 00
0 807fffff ffffffff 3 7fffffff 00
0 807fffff ffffffff 4 7fffffff 00
0 807fffff 7f800001 0 ffc00001 10
0 807fffff 7f800001 1 ffc00001 10
0 807fffff 7f800001 2 ffc00001 10
0 807fffff 7f800001 3 ffc00001 10
0 807fffff 7f800001 4 ffc00001 10
0 807fffff ff800001 0 7fc00001 10
0 807fffff ff800001 1 7fc00001 10
0 807fffff ff800001 2 7fc00001 10
0 807fffff ff800001 3 7fc00001 10
0 807fffff ff800001 4 7fc00001 10
0 00800000 00000000 0 00000000 00
0 00800000 00000000 1 00000000 00
0 00800000 00000000 2 00000000 00
0 00800000 00000000 3 00000000 00
0 00800000 00000000 4 00000000 00
0 00800000 80000000 0 80000000 00
0 00800000 80000000 1 80000000 00
0 00800000 80000000 2 80000000 00
0 00800000 80000000 3 80000000 00
0 00800000 80000000 4 80000000 00
0 00800000 00000001 0 00000000 03
0 00800000 00000001 1 00000000 03
0 00800000 00000001 2 00000000 03
0 00800000 00000001 3 00000001 03
0 00800000 00000001 4 00000000 03
0 00800000 80000001 0 80000000 03
0 00800000 80000001 1 80000000 03
0 00800000 80000001 2 80000001 03
0 00800000 80000001 3 80000000 03
0 00800000 80000001 4 80000000 03
0 00800000 007fffff 0 00000000 03
0 00800000 007fffff 1 00000000 03
0 00800000 007fffff 2 00000000 03
0 00800000 007fffff 3 00000001 03
0 00800000 007fffff 4 00000000 03
0 00800000 807fffff 0 80000000 03
0 00800000 807fffff 1 80000000 03
0 00800000 807fffff 2 80000001 03
0 00800000 807fffff 3 80000000 03
0 00800000 807fffff 4 80000000 03
0 00800000 00800000 0 00000000 03
0 00800000 00800000 1 00000000 03
0 00800000 00800000 2 00000000 03
0 00800000 00800000 3 00000001 03
0 00800000 00800000 4 00000000 03
0 00800000 80800000 0 80000000 03
0 00800000 80800000 1 80000000 03
0 00800000 80800000 2 80000001 03
0 00800000 80800000 3 80000000 03
0 00800000 80800000 4 80000000 03
0 00800000 3f800000 0 00800000 00
0 00800000 3f800000 1 00800000 00
0 00800000 3f800000 2 00800000 00
0 00800000 3f800000 3 00800000 00
0 00800000 3f800000 4 00800000 00
0 00800000 bf800000 0 80800000 00
0 00800000 bf800000 1 80800000 00
0 00800000 bf800000 2 80800000 00
0 00800000 bf800000 3 80800000 00
0 00800000 bf800000 4 80800000 00
0 00800000 3f800001 0 00800001 00
0 00800000 3f800001 1 00800001 00
0 00800000 3f800001 2 00800001 00
0 00800000 3f800001 3 00800001 00
0 00800000 3f800001 4 00800001 00
0 00800000 bf800001 0 80800001 00
0 00800000 bf800001 1 80800001 00
0 00800000 bf800001 2 80800001 00
0 00800000 bf800001 3 80800001 00
0 00800000 bf800001 4 80800001 00
0 00800000 40000000 0 01000000 00
0 00800000 40000000 1 01000000 00
0 00800000 40000000 2 01000000 00
0 00800000 40000000 3 01000000 00
0 00800000 40000000 4 01000000 00
0 00800000 c0000000 0 81000000 00
0 00800000 c0000000 1 81000000 00
0 00800000 c0000000 2 81000000 00
0 00800000 c0000000 3 81000000 00
0 00800000 c0000000 4 81000000 00
0 00800000 7f7fffff 0 407fffff 00
0 00800000 7f7fffff 1 407fffff 00
0 00800000 7f7fffff 2 407fffff 00
0 00800000 7f7fffff 3 407fffff 00
0 00800000 7f7fffff 4 407fffff 00
0 00800000 ff7fffff 0 c07fffff 00
0 00800000 ff7fffff 1 c07fffff 00
0 00800000 ff7fffff 2 c07fffff 00
0 00800000 ff7fffff 3 c07fffff 00
0 00800000 ff7fffff 4 c07fffff 00
0 00800000 7f800000 0 7f800000 00
0 00800000 7f800000 1 7f800000 00
0 00800000 7f800000 2 7f800000 00
0 00800000 7f800000 3 7f800000 00
0 00800000 7f800000 4 7f800000 00
0 00800000 ff800000 0 ff800000 00
0 00800000 ff800000 1 ff800000 00
0 00800000 ff800000 2 ff800000 00
0 00800000 ff800000 3 ff800000 00
0 00800000 ff800000 4 ff800000 00
0 00800000 7fffffff 0 7fffffff 00
0 00800000 7fffffff 1 7fffffff 00
0 00800000 7fffffff 2 7fffffff 00
0 00800000 7fffffff 3 7fffffff 00
0 00800000 7fffffff 4 7fffffff 00
0 00800000 ffffffff 0 ffffffff 00
0 00800000 ffffffff 1 ffffffff 00
0 00800000 ffffffff 2 ffffffff 00
0 00800000 ffffffff 3 ffffffff 00
0 00800000 ffffffff 4 ffffffff 00
0 00800000 7f800001 0 7fc00001 10
0 00800000 7f800001 1 7fc00001 10
0 00800000 7f800001 2 7fc00001 10
0 00800000 7f800001 3 7fc00001 10
0 00800000 7f800001 4 7fc00001 10
0 00800000 ff800001 0 ffc00001 10
0 00800000 ff800001 1 ffc00001 10
0 00800000 ff800001 2 ffc00001 10
0 00800000 ff800001 3 ffc00001 10
0 00800000 ff800001 4 ffc00001 10
0 80800000 00000000 0 80000000 00
0 80800000 00000000 1 80000000 00
0 80800000 00000000 2 80000000 00
0 80800000 00000000 3 80000000 00
0 80800000 00000000 4 80000000 00
0 80800000 80000000 0 00000000 00
0 80800000 80000000 1 00000000 00
0 80800000 80000000 2 00000000 00
0 80800000 80000000 3 00000000 00
0 80800000 80000000 4 00000000 00
0 80800000 00000001 0 80000000 03
0 80800000 00000001 1 80000000 03
0 80800000 00000001 2 80000001 03
0 80800000 00000001 3 80000000 03
0 80800000 00000001 4 80000000 03
0 80800000 80000001 0 00000000 03
0 80800000 80000001 1 00000000 03
0 80800000 80000001 2 00000000 03
0 80800000 80000001 3 00000001 03
0 80800000 80000001 4 00000000 03
0 80800000 007fffff 0 80000000 03
0 80800000 007fffff 1 80000000 03
0 80800000 007fffff 2 80000001 03
0 80800000 007fffff 3 80000000 03
0 80800000 007fffff 4 80000000 03
0 80800000 807fffff 0 00000000 03
0 80800000 807fffff 1 00000000 03
0 80800000 807fffff 2 00000000 03
0 80800000 807fffff 3 00000001 03
0 80800000 807fffff 4 00000000 03
0 80800000 00800000 0 80000000 03
0 80800000 00800000 1 80000000 03
0 80800000 00800000 2 80000001 03
0 80800000 00800000 3 80000000 03
0 80800000 00800000 4 80000000 03
0 80800000 80800000 0 00000000 03
0 80800000 80800000 1 00000000 03
0 80800000 80800000 2 00000000 03
0 80800000 80800000 3 00000001 03
0 80800000 80800000 4 00000000 03
0 80800000 3f800000 0 80800000 00
0 80800000 3f800000 1 80800000 00
0 80800000 3f800000 2 80800000 00
0 80800000 3f800000 3 80800000 00
0 80800000 3f800000 4 80800000 00
0 80800000 bf800000 0 00800000 00
0 80800000 bf800000 1 00800000 00
0 80800000 bf800000 2 00800000 00
0 80800000 bf800000 3 00800000 00
0 80800000 bf800000 4 00800000 00
0 80800000 3f800001 0 80800001 00
0 80800000 3f800001 1 80800001 00
0 80800000 3f800001 2 80800001 00
0 80800000 3f800001 3 80800001 00
0 80800000 3f800001 4 80800001 00
0 80800000 bf800001 0 00800001 00
0 80800000 bf800001 1 00800001 00
0 80800000 bf800001 2 00800001 00
0 80800000 bf800001 3 00800001 00
0 80800000 bf800001 4 00800001 00
0 80800000 40000000 0 81000000 00
0 80800000 40000000 1 81000000 00
0 80800000 40000000 2 81000000 00
0 80800000 40000000 3 81000000 00
0 80800000 40000000 4 81000000 00
0 80800000 c0000000 0 01000000 00
0 80800000 c0000000 1 01000000 00
0 80800000 c0000000 2 01000000 00
0 80800000 c0000000 3 01000000 00
0 80800000 c0000000 4 01000000 00
0 80800000 7f7fffff 0 c07fffff 00
0 80800000 7f7fffff 1 c07fffff 00
0 80800000 7f7fffff 2 c07fffff 00
0 80800000 7f7fffff 3 c07fffff 00
0 80800000 7f7fffff 4 c07fffff 00
0 80800000 ff7fffff 0 407fffff 00
0 80800000 ff7fffff 1 407fffff 00
0 80800000 ff7fffff 2 407fffff 00
0 80800000 ff7fffff 3 407fffff 00
0 80800000 ff7fffff 4 407fffff 00
0 80800000 7f800000 0 ff800000 00
0 80800000 7f800000 1 ff800000 00
0 80800000 7f800000 2 ff800000 00
0 80800000 7f800000 3 ff800000 00
0 80800000 7f800000 4 ff800000 00
0 80800000 ff800000 0 7f800000 00
0 80800000 ff800000 1 7f800000 00
0 80800000 ff800000 2 7f800000 00
0 80800000 ff800000 3 7f800000 00
0 80800000 ff800000 4 7f800000 00
0 80800000 7fffffff 0 ffffffff 00
0 80800000 7fffffff 1 ffffffff 00
0 80800000 7fffffff 2 ffffffff 00
0 80800000 7fffffff 3 ffffffff 00
0 80800000 7fffffff 4 ffffffff 00
0 80800000 ffffffff 0 7fffffff 00
0 80800000 ffffffff 1 7fffffff 00
0 80800000 ffffffff 2 7fffffff 00
0 80800000 ffffffff 3 7fffffff 00
0 80800000 ffffffff 4 7fffffff 00
0 80800000 7f800001 0 ffc00001 10
0 80800000 7f800001 1 ffc00001 10
0 80800000 7f800001 2 ffc00001 10
0 80800000 7f800001 3 ffc00001 10
0 80800000 7f800001 4 ffc00001 10
0 80800000 ff800001 0 7fc00001 10
0 80800000 ff800001 1 7fc00001 10
0 80800000 ff800001 2 7fc00001 10
0 80800000 ff800001 3 7fc00001 10
0 80800000 ff800001 4 7fc00001 10
0 3f800000 00000000 0 00000000 00
0 3f800000 00000000 1 00000000 00
0 3f800000 00000000 2 00000000 00
0 3f800000 00000000 3 00000000 00
0 3f800000 00000000 4 00000000 00
0 3f800000 80000000 0 80000000 00
0 3f800000 80000000 1 80000000 00
0 3f800000 80000000 2 80000000 00
0 3f800000 80000000 3 80000000 00
0 3f800000 80000000 4 80000000 00
0 3f800000 00000001 0 00000001 00
0 3f800000 00000001 1 00000001 00
0 3f800000 00000001 2 00000001 00
0 3f800000 00000001 3 00000001 00
0 3f800000 00000001 4 00000001 00
0 3f800000 80000001 0 80000001 00
0 3f800000 80000001 1 80000001 00
0 3f800000 80000001 2 80000001 00
0 3f800000 80000001 3 80000001 00
0 3f800000 80000001 4 80000001 00
0 3f800000 007fffff 0 007fffff 00
0 3f800000 007fffff 1 007fffff 00
0 3f800000 007fffff 2 007fffff 00
0 3f800000 007fffff 3 007fffff 00
0 3f800000 007fffff 4 007fffff 00
0 3f800000 807fffff 0 807fffff 00
0 3f800000 807fffff 1 807fffff 00
0 3f800000 807fffff 2 807fffff 00
0 3f800000 807fffff 3 807fffff 00
0 3f800000 807fffff 4 807fffff 00
0 3f800000 00800000 0 00800000 00
0 3f800000 00800000 1 00800000 00
0 3f800000 00800000 2 00800000 00
0 3f800000 00800000 3 00800000 00
0 3f800000 00800000 4 00800000 00
0 3f800000 80800000 0 80800000 00
0 3f800000 80800000 1 80800000 00
0 3f800000 80800000 2 80800000 00
0 3f800000 80800000 3 80800000 00
0 3f800000 80800000 4 80800000 00
0 3f800000 3f800000 0 3f800000 00
0 3f800000 3f800000 1 3f800000 00
0 3f800000 3f800000 2 3f800000 00
0 3f800000 3f800000 3 3f800000 00
0 3f800000 3f800000 4 3f800000 00
0 3f800000 bf800000 0 bf800000 00
0 3f800000 bf800000 1 bf800000 00
0 3f800000 bf800000 2 bf800000 00
0 3f800000 bf800000 3 bf800000 00
0 3f800000 bf800000 4 bf800000 00
0 3f800000 3f800001 0 3f800001 00
0 3f800000 3f800001 1 3f800001 00
0 3f800000 3f800001 2 3f800001 00
0 3f800000 3f800001 3 3f800001 00
0 3f800000 3f800001 4 3f800001 00
0 3f800000 bf800001 0 bf800001 00
0 3f800000 bf800001 1 bf800001 00
0 3f800000 bf800001 2 bf800001 00
0 3f800000 bf800001 3 bf800001 00
0 3f800000 bf800001 4 bf800001 00
0 3f800000 40000000 0 40000000 00
0 3f800000 40000000 1 40000000 00
0 3f800000 40000000 2 40000000 00
0 3f800000 40000000 3 40000000 00
0 3f800000 40000000 4 40000000 00
0 3f800000 c0000000 0 c0000000 00
0 3f800000 c0000000 1 c0000000 00
0 3f800000 c0000000 2 c0000000 00
0 3f800000 c0000000 3 c0000000 00
0 3f800000 c0000000 4 c0000000 00
0 3f800000 7f7fffff 0 7f7fffff 00
0 3f800000 7f7fffff 1 7f7fffff 00
0 3f800000 7f7fffff 2 7f7fffff 00
0 3f800000 7f7fffff 3 7f7fffff 00
0 3f800000 7f7fffff 4 7f7fffff 00
0 3f800000 ff7fffff 0 ff7fffff 00
0 3f800000 ff7fffff 1 ff7fffff 00
0 3f800000 ff7fffff 2 ff7fffff 00
0 3f800000 ff7fffff 3 ff7fffff 00
0 3f800000 ff7fffff 4 ff7fffff 00
0 3f800000 7f800000 0 7f800000 00
0 3f800000 7f800000 1 7f800000 00
0 3f800000 7f800000 2 7f800000 00
0 3f800000 7f800000 3 7f800000 00
0 3f800000 7f800000 4 7f800000 00
0 3f800000 ff800000 0 ff800000 00
0 3f800000 ff800000 1 ff800000 00
0 3f800000 ff800000 2 ff800000 00
0 3f800000 ff800000 3 ff800000 00
0 3f800000 ff800000 4 ff800000 00
0 3f800000 7fffffff 0 7fffffff 00
0 3f800000 7fffffff 1 7fffffff 00
0 3f800000 7fffffff 2 7fffffff 00
0 3f800000 7fffffff 3 7fffffff 00
0 3f800000 7fffffff 4 7fffffff 00
0 3f800000 ffffffff 0 ffffffff 00
0 3f800000 ffffffff 1 ffffffff 00
0 3f800000 ffffffff 2 ffffffff 00
0 3f800000 ffffffff 3 ffffffff 00
0 3f800000 ffffffff 4 ffffffff 00
0 3f800000 7f800001 0 7fc00001 10
0 3f800000 7f800001 1 7fc00001 10
0 3f800000 7f800001 2 7fc00001 10
0 3f800000 7f800001 3 7fc00001 10
0 3f800000 7f800001 4 7fc00001 10
0 3f800000 ff800001 0 ffc00001 10
0 3f800000 ff800001 1 ffc00001 10
0 3f800000 ff800001 2 ffc00001 10
0 3f800000 ff800001 3 ffc00001 10
0 3f800000 ff800001 4 ffc00001 10
0 bf800000 00000000 0 80000000 00
0 bf800000 00000000 1 80000000 00
0 bf800000 00000000 2 80000000 00
0 bf800000 00000000 3 80000000 00
0 bf800000 00000000 4 80000000 00
0 bf800000 80000000 0 00000000 00
0 bf800000 80000000 1 00000000 00
0 bf800000 80000000 2 00000000 00
0 bf800000 80000000 3 00000000 00
0 bf800000 80000000 4 00000000 00
0 bf800000 00000001 0 80000001 00
0 bf800000 00000001 1 80000001 00
0 bf800000 00000001 2 80000001 00
0 bf800000 00000001 3 80000001 00
0 bf800000 00000001 4 80000001 00
0 bf800000 80000001 0 00000001 00
0 bf800000 80000001 1 00000001 00
0 bf800000 80000001 2 00000001 00
0 bf800000 80000001 3 00000001 00
0 bf800000 80000001 4 00000001 00
0 bf800000 007fffff 0 807fffff 00
0 bf800000 007fffff 1 807fffff 00
0 bf800000 007fffff 2 807fffff 00
0 bf800000 007fffff 3 807fffff 00
0 bf800000 007fffff 4 807fffff 00
0 bf800000 807fffff 0 007fffff 00
0 bf800000 807fffff 1 007fffff 00
0 bf800000 807fffff 2 007fffff 00
0 bf800000 807fffff 3 007fffff 00
0 bf800000 807fffff 4 007fffff 00
0 bf800000 00800000 0 80800000 00
0 bf800000 00800000 1 80800000 00
0 bf800000 00800000 2 80800000 00
0 bf800000 00800000 3 80800000 00
0 bf800000 00800000 4 80800000 00
0 bf800000 80800000 0 00800000 00
0 bf800000 80800000 1 00800000 00
0 bf800000 80800000 2 00800000 00
0 bf800000 80800000 3 00800000 00
0 bf800000 80800000 4 00800000 00
0 bf800000 3f800000 0 bf800000 00
0 bf800000 3f800000 1 bf800000 00
0 bf800000 3f800000 2 bf800000 00
0 bf800000 3f800000 3 bf800000 00
0 bf800000 3f800000 4 bf800000 00
0 bf800000 bf800000 0 3f800000 00
0 bf800000 bf800000 1 3f800000 00
0 bf800000 bf800000 2 3f800000 00
0 bf800000 bf800000 3 3f800000 00
0 bf800000 bf800000 4 3f800000 00
0 bf800000 3f800001 0 bf800001 00
0 bf800000 3f800001 1 bf800001 00
0 bf800000 3f800001 2 bf800001 00
0 bf800000 3f800001 3 bf800001 00
0 bf800000 3f800001 4 bf800001 00
0 bf800000 bf800001 0 3f800001 00
0 bf800000 bf800001 1 3f800001 00
0 bf800000 bf800001 2 3f800001 00
0 bf800000 bf800001 3 3f800001 00
0 bf800000 bf800001 4 3f800001 00
0 bf800000 40000000 0 c0000000 00
0 bf800000 40000000 1 c0000000 00
0 bf800000 40000000 2 c0000000 00
0 bf800000 40000000 3 c0000000 00
0 bf800000 40000000 4 c0000000 00
0 bf800000 c0000000 0 40000000 00
0 bf800000 c0000000 1 40000000 00
0 bf800000 c0000000 2 40000000 00
0 bf800000 c0000000 3 40000000 00
0 bf800000 c0000000 4 40000000 00
0 bf800000 7f7fffff 0 ff7fffff 00
0 bf800000 7f7fffff 1 ff7fffff 00
0 bf800000 7f7fffff 2 ff7fffff 00
0 bf800000 7f7fffff 3 ff7fffff 00
0 bf800000 7f7fffff 4 ff7fffff 00
0 bf800000 ff7fffff 0 7f7fffff 00
0 bf800000 ff7fffff 1 7f7fffff 00
0 bf800000 ff7fffff 2 7f7fffff 00
0 bf800000 ff7fffff 3 7f7fffff 00
0 bf800000 ff7fffff 4 7f7fffff 00
0 bf800000 7f800000 0 ff800000 00
0 bf800000 7f800000 1 ff800000 00
0 bf800000 7f800000 2 ff800000 00
0 bf800000 7f800000 3 ff800000 00
0 bf800000 7f800000 4 ff800000 00
0 bf800000 ff800000 0 7f800000 00
0 bf800000 ff800000 1 7f800000 00
0 bf800000 ff800000 2 7f800000 00
0 bf800000 ff800000 3 7f800000 00
0 bf800000 ff800000 4 7f800000 00
0 bf800000 7fffffff 0 ffffffff 00
0 bf800000 7fffffff 1 ffffffff 00
0 bf800000 7fffffff 2 ffffffff 00
0 bf800000 7fffffff 3 ffffffff 00
0 bf800000 7fffffff 4 ffffffff 00
0 bf800000 ffffffff 0 7fffffff 00
0 bf800000 ffffffff 1 7fffffff 00
0 bf800000 ffffffff 2 7fffffff 00
0 bf800000 ffffffff 3 7fffffff 00
0 bf800000 ffffffff 4 7fffffff 00
0 bf800000 7f800001 0 ffc00001 10
0 bf800000 7f800001 1 ffc00001 10
0 bf800000 7f800001 2 ffc00001 10
0 bf800000 7f800001 3 ffc00001 10
0 bf800000 7f800001 4 ffc00001 10
0 bf800000 ff800001 0 7fc00001 10
0 bf800000 ff800001 1 7fc00001 10
0 bf800000 ff800001 2 7fc00001 10
0 bf800000 ff800001 3 7fc00001 10
0 bf800000 ff800001 4 7fc00001 10
0 3f800001 00000000 0 00000000 00
0 3f800001 00000000 1 00000000 00
0 3f800001 00000000 2 00000000 00
0 3f800001 00000000 3 00000000 00
0 3f800001 00000000 4 00000000 00
0 3f800001 80000000 0 80000000 00
0 3f800001 80000000 1 80000000 00
0 3f800001 80000000 2 80000000 00
0 3f800001 80000000 3 80000000 00
0 3f800001 80000000 4 80000000 00
0 3f800001 00000001 0 00000001 03
0 3f800001 00000001 1 00000001 03
0 3f800001 00000001 2 00000001 03
0 3f800001 00000001 3 00000002 03
0 3f800001 00000001 4 00000001 03
0 3f800001 80000001 0 80000001 03
0 3f800001 80000001 1 80000001 03
0 3f800001 80000001 2 80000002 03
0 3f800001 80000001 3 80000001 03
0 3f800001 80000001 4 80000001 03
0 3f800001 007fffff 0 00800000 03
0 3f800001 007fffff 1 007fffff 03
0 3f800001 007fffff 2 007fffff 03
0 3f800001 007fffff 3 00800000 03
0 3f800001 007fffff 4 00800000 03
0 3f800001 807fffff 0 80800000 03
0 3f800001 807fffff 1 807fffff 03
0 3f800001 807fffff 2 80800000 03
0 3f800001 807fffff 3 807fffff 03
0 3f800001 807fffff 4 80800000 03
0 3f800001 00800000 0 00800001 00
0 3f800001 00800000 1 00800001 00
0 3f800001 00800000 2 00800001 00
0 3f800001 00800000 3 00800001 00
0 3f800001 00800000 4 00800001 00
0 3f800001 80800000 0 80800001 00
0 3f800001 80800000 1 80800001 00
0 3f800001 80800000 2 80800001 00
0 3f800001 80800000 3 80800001 00
0 3f800001 80800000 4 80800001 00
0 3f800001 3f800000 0 3f800001 00
0 3f800001 3f800000 1 3f800001 00
0 3f800001 3f800000 2 3f800001 00
0 3f800001 3f800000 3 3f800001 00
0 3f800001 3f800000 4 3f800001 00
0 3f800001 bf800000 0 bf800001 00
0 3f800001 bf800000 1 bf800001 00
0 3f800001 bf800000 2 bf800001 00
0 3f800001 bf800000 3 bf800001 00
0 3f800001 bf800000 4 bf800001 00
0 3f800001 3f800001 0 3f800002 01
0 3f800001 3f800001 1 3f800002 01
0 3f800001 3f800001 2 3f800002 01
0 3f800001 3f800001 3 3f800003 01
0 3f800001 3f800001 4 3f800002 01
0 3f800001 bf800001 0 bf800002 01
0 3f800001 bf800001 1 bf800002 01
0 3f800001 bf800001 2 bf800003 01
0 3f800001 bf800001 3 bf800002 01
0 3f800001 bf800001 4 bf800002 01
0 3f800001 40000000 0 40000001 00
0 3f800001 40000000 1 40000001 00
0 3f800001 40000000 2 40000001 00
0 3f800001 40000000 3 40000001 00
0 3f800001 40000000 4 40000001 00
0 3f800001 c0000000 0 c0000001 00
0 3f800001 c0000000 1 c0000001 00
0 3f800001 c0000000 2 c0000001 00
0 3f800001 c0000000 3 c0000001 00
0 3f800001 c0000000 4 c0000001 00
0 3f800001 7f7fffff 0 7f800000 05
0 3f800001 7f7fffff 1 7f7fffff 05
0 3f800001 7f7fffff 2 7f7fffff 05
0 3f800001 7f7fffff 3 7f800000 05
0 3f800001 7f7fffff 4 7f800000 05
0 3f800001 ff7fffff 0 ff800000 05
0 3f800001 ff7fffff 1 ff7fffff 05
0 3f800001 ff7fffff 2 ff800000 05
0 3f800001 ff7fffff 3 ff7fffff 05
0 3f800001 ff7fffff 4 ff800000 05
0 3f800001 7f800000 0 7f800000 00
0 3f800001 7f800000 1 7f800000 00
0 3f800001 7f800000 2 7f800000 00
0 3f800001 7f800000 3 7f800000 00
0 3f800001 7f800000 4 7f800000 00
0 3f800001 ff800000 0 ff800000 00
0 3f800001 ff800000 1 ff800000 00
0 3f800001 ff800000 2 ff800000 00
0 3f800001 ff800000 3 ff800000 00
0 3f800001 ff800000 4 ff800000 00
0 3f800001 7fffffff 0 7fffffff 00
0 3f800001 7fffffff 1 7fffffff 00
0 3f800001 7fffffff 2 7fffffff 00
0 3f800001 7fffffff 3 7fffffff 00
0 3f800001 7fffffff 4 7fffffff 00
0 3f800001 ffffffff 0 ffffffff 00
0 3f800001 ffffffff 1 ffffffff 00
0 3f800001 ffffffff 2 ffffffff 00
0 3f800001 ffffffff 3 ffffffff 00
0 3f800001 ffffffff 4 ffffffff 00
0 3f800001 7f800001 0 7fc00001 10
0 3f800001 7f800001 1 7fc00001 10
0 3f800001 7f800001 2 7fc00001 10
0 3f800001 7f800001 3 7fc00001 10
0 3f800001 7f800001 4 7fc00001 10
0 3f800001 ff800001 0 ffc00001 10
0 3f800001 ff800001 1 ffc00001 10
0 3f800001 ff800001 2 ffc00001 10
0 3f800001 ff800001 3 ffc00001 10
0 3f800001 ff800001 4 ffc00001 10
0 bf800001 00000000 0 80000000 00
0 bf800001 00000000 1 80000000 00
0 bf800001 00000000 2 80000000 00
0 bf800001 00000000 3 80000000 00
0 bf800001 00000000 4 80000000 00
0 bf800001 80000000 0 00000000 00
0 bf800001 80000000 1 00000000 00
0 bf800001 80000000 2 00000000 00
0 bf800001 80000000 3 00000000 00
0 bf800001 80000000 4 00000000 00
0 bf800001 00000001 0 80000001 03
0 bf800001 00000001 1 80000001 03
0 bf800001 00000001 2 80000002 03
0 bf800001 00000001 3 80000001 03
0 bf800001 00000001 4 80000001 03
0 bf800001 80000001 0 00000001 03
0 bf800001 80000001 1 00000001 03
0 bf800001 80000001 2 00000001 03
0 bf800001 80000001 3 00000002 03
0 bf800001 80000001 4 00000001 03
0 bf800001 007fffff 0 80800000 03
0 bf800001 007fffff 1 807fffff 03
0 bf800001 007fffff 2 80800000 03
0 bf800001 007fffff 3 807fffff 03
0 bf800001 007fffff 4 80800000 03
0 bf800001 807fffff 0 00800000 03
0 bf800001 807fffff 1 007fffff 03
0 bf800001 807fffff 2 007fffff 03
0 bf800001 807fffff 3 00800000 03
0 bf800001 807fffff 4 00800000 03
0 bf800001 00800000 0 80800001 00
0 bf800001 00800000 1 80800001 00
0 bf800001 00800000 2 80800001 00
0 bf800001 00800000 3 80800001 00
0 bf800001 00800000 4 80800001 00
0 bf800001 80800000 0 00800001 00
0 bf800001 80800000 1 00800001 00
0 bf800001 80800000 2 00800001 00
0 bf800001 80800000 3 00800001 00
0 bf800001 80800000 4 00800001 00
0 bf800001 3f800000 0 bf800001 00
0 bf800001 3f800000 1 bf800001 00
0 bf800001 3f800000 2 bf800001 00
0 bf800001 3f800000 3 bf800001 00
0 bf800001 3f800000 4 bf800001 00
0 bf800001 bf800000 0 3f800001 00
0 bf800001 bf800000 1 3f800001 00
0 bf800001 bf800000 2 3f800001 00
0 bf800001 bf800000 3 3f800001 00
0 bf800001 bf800000 4 3f800001 00
0 bf800001 3f800001 0 bf800002 01
0 bf800001 3f800001 1 bf800002 01
0 bf800001 3f800001 2 bf800003 01
0 bf800001 3f800001 3 bf800002 01
0 bf800001 3f800001 4 bf800002 01
0 bf800001 bf800001 0 3f800002 01
0 bf800001 bf800001 1 3f800002 01
0 bf800001 bf800001 2 3f800002 01
0 bf800001 bf800001 3 3f800003 01
0 bf800001 bf800001 4 3f800002 01
0 bf800001 40000000 0 c0000001 00
0 bf800001 40000000 1 c0000001 00
0 bf800001 40000000 2 c0000001 00
0 bf800001 40000000 3 c0000001 00
0 bf800001 40000000 4 c0000001 00
0 bf800001 c0000000 0 40000001 00
0 bf800001 c0000000 1 40000001 00
0 bf800001 c0000000 2 40000001 00
0 bf800001 c0000000 3 40000001 00
0 bf800001 c0000000 4 40000001 00
0 bf800001 7f7fffff 0 ff800000 05
0 bf800001 7f7fffff 1 ff7fffff 05
0 bf800001 7f7fffff 2 ff800000 05
0 bf800001 7f7fffff 3 ff7fffff 05
0 bf800001 7f7fffff 4 ff800000 05
0 bf800001 ff7fffff 0 7f800000 05
0 bf800001 ff7fffff 1 7f7fffff 05
0 bf800001 ff7fffff 2 7f7fffff 05
0 bf800001 ff7fffff 3 7f800000 05
0 bf800001 ff7fffff 4 7f800000 05
0 bf800001 7f800000 0 ff800000 00
0 bf800001 7f800000 1 ff800000 00
0 bf800001 7f800000 2 ff800000 00
0 bf800001 7f800000 3 ff800000 00
0 bf800001 7f800000 4 ff800000 00
0 bf800001 ff800000 0 7f800000 00
0 bf800001 ff800000 1 7f800000 00
0 bf800001 ff800000 2 7f800000 00
0 bf800001 ff800000 3 7f800000 00
0 bf800001 ff800000 4 7f800000 00
0 bf800001 7fffffff 0 ffffffff 00
0 bf800001 7fffffff 1 ffffffff 00
0 bf800001 7fffffff 2 ffffffff 00
0 bf800001 7fffffff 3 ffffffff 00
0 bf800001 7fffffff 4 ffffffff 00
0 bf800001 ffffffff 0 7fffffff 00
0 bf800001 ffffffff 1 7fffffff 00
0 bf800001 ffffffff 2 7fffffff 00
0 bf800001 ffffffff 3 7fffffff 00
0 bf800001 ffffffff 4 7fffffff 00
0 bf800001 7f800001 0 ffc00001 10
0 bf800001 7f800001 1 ffc00001 10
0 bf800001 7f800001 2 ffc00001 10
0 bf800001 7f800001 3 ffc00001 10
0 bf800001 7f800001 4 ffc00001 10
0 bf800001 ff800001 0 7fc00001 10
0 bf800001 ff800001 1 7fc00001 10
0 bf800001 ff800001 2 7fc00001 10
0 bf800001 ff800001 3 7fc00001 10
0 bf800001 ff800001 4 7fc00001 10
0 40000000 00000000 0 00000000 00
0 40000000 00000000 1 00000000 00
0 40000000 00000000 2 00000000 00
0 40000000 00000000 3 00000000 00
0 40000000 00000000 4 00000000 00
0 40000000 80000000 0 80000000 00
0 40000000 80000000 1 80000000 00
0 40000000 80000000 2 80000000 00
0 40000000 80000000 3 80000000 00
0 40000000 80000000 4 80000000 00
0 40000000 00000001 0 00000002 00
0 40000000 00000001 1 00000002 00
0 40000000 00000001 2 00000002 00
0 40000000 00000001 3 00000002 00
0 40000000 00000001 4 00000002 00
0 40000000 80000001 0 80000002 00
0 40000000 80000001 1 80000002 00
0 40000000 80000001 2 80000002 00
0 40000000 80000001 3 80000002 00
0 40000000 80000001 4 80000002 00
0 40000000 007fffff 0 00fffffe 00
0 40000000 007fffff 1 00fffffe 00
0 40000000 007fffff 2 00fffffe 00
0 40000000 007fffff 3 00fffffe 00
0 40000000 007fffff 4 00fffffe 00
0 40000000 807fffff 0 80fffffe 00
0 40000000 807fffff 1 80fffffe 00
0 40000000 807fffff 2 80fffffe 00
0 40000000 807fffff 3 80fffffe 00
0 40000000 807fffff 4 80fffffe 00
0 40000000 00800000 0 01000000 00
0 40000000 00800000 1 01000000 00
0 40000000 00800000 2 01000000 00
0 40000000 00800000 3 01000000 00
0 40000000 00800000 4 01000000 00
0 40000000 80800000 0 81000000 00
0 40000000 80800000 1 81000000 00
0 40000000 80800000 2 81000000 00
0 40000000 80800000 3 81000000 00
0 40000000 80800000 4 81000000 00
0 40000000 3f800000 0 40000000 00
0 40000000 3f800000 1 40000000 00
0 40000000 3f800000 2 40000000 00
0 40000000 3f800000 3 40000000 00
0 40000000 3f800000 4 40000000 00
0 40000000 bf800000 0 c0000000 00
0 40000000 bf800000 1 c0000000 00
0 40000000 bf800000 2 c0000000 00
0 40000000 bf800000 3 c0000000 00
0 40000000 bf800000 4 c0000000 00
0 40000000 3f800001 0 40000001 00
0 40000000 3f800001 1 40000001 00
0 40000000 3f800001 2 40000001 00
0 40000000 3f800001 3 40000001 00
0 40000000 3f800001 4 40000001 00
0 40000000 bf800001 0 c0000001 00
0 40000000 bf800001 1 c0000001 00
0 40000000 bf800001 2 c0000001 00
0 40000000 bf800001 3 c0000001 00
0 40000000 bf800001 4 c0000001 00
0 40000000 40000000 0 40800000 00
0 40000000 40000000 1 40800000 00
0 40000000 40000000 2 40800000 00
0 40000000 40000000 3 40800000 00
0 40000000 40000000 4 40800000 00
0 40000000 c0000000 0 c0800000 00
0 40000000 c0000000 1 c0800000 00
0 40000000 c0000000 2 c0800000 00
0 40000000 c0000000 3 c0800000 00
0 40000000 c0000000 4 c0800000 00
0 40000000 7f7fffff 0 7f800000 05
0 40000000 7f7fffff 1 7f7fffff 05
0 40000000 7f7fffff 2 7f7fffff 05
0 40000000 7f7fffff 3 7f800000 05
0 40000000 7f7fffff 4 7f800000 05
0 40000000 ff7fffff 0 ff800000 05
0 40000000 ff7fffff 1 ff7fffff 05
0 40000000 ff7fffff 2 ff800000 05
0 40000000 ff7fffff 3 ff7fffff 05
0 40000000 ff7fffff 4 ff800000 05
0 40000000 7f800000 0 7f800000 00
0 40000000 7f800000 1 7f800000 00
0 40000000 7f800000 2 7f800000 00
0 40000000 7f800000 3 7f800000 00
0 40000000 7f800000 4 7f800000 00
0 40000000 ff800000 0 ff800000 00
0 40000000 ff800000 1 ff800000 00
0 40000000 ff800000 2 ff800000 00
0 40000000 ff800000 3 ff800000 00
0 40000000 ff800000 4 ff800000 00
0 40000000 7fffffff 0 7fffffff 00
0 40000000 7fffffff 1 7fffffff 00
0 40000000 7fffffff 2 7fffffff 00
0 40000000 7fffffff 3 7fffffff 00
0 40000000 7fffffff 4 7fffffff 00
0 40000000 ffffffff 0 ffffffff 00
0 40000000 ffffffff 1 ffffffff 00
0 40000000 ffffffff 2 ffffffff 00
0 40000000 ffffffff 3 ffffffff 00
0 40000000 ffffffff 4 ffffffff 00
0 40000000 7f800001 0 7fc00001 10
0 40000000 7f800001 1 7fc00001 10
0 40000000 7f800001 2 7fc00001 10
0 40000000 7f800001 3 7fc00001 10
0 40000000 7f800001 4 7fc00001 10
0 40000000 ff800001 0 ffc00001 10
0 40000000 ff800001 1 ffc00001 10
0 40000000 ff800001 2 ffc00001 10
0 40000000 ff800001 3 ffc00001 10
0 40000000 ff800001 4 ffc00001 10
0 c0000000 00000000 0 80000000 00
0 c0000000 00000000 1 80000000 00
0 c0000000 00000000 2 80000000 00
0 c0000000 00000000 3 80000000 00
0 c0000000 00000000 4 80000000 00
0 c0000000 80000000 0 00000000 00
0 c0000000 80000000 1 00000000 00
0 c0000000 80000000 2 00000000 00
0 c0000000 80000000 3 00000000 00
0 c0000000 80000000 4 00000000 00
0 c0000000 00000001 0 80000002 00
0 c0000000 00000001 1 80000002 00
0 c0000000 00000001 2 80000002 00
0 c0000000 00000001 3 80000002 00
0 c0000000 00000001 4 80000002 00
0 c0000000 80000001 0 00000002 00
0 c0000000 80000001 1 00000002 00
0 c0000000 80000001 2 00000002 00
0 c0000000 80000001 3 00000002 00
0 c0000000 80000001 4 00000002 00
0 c0000000 007fffff 0 80fffffe 00
0 c0000000 007fffff 1 80fffffe 00
0 c0000000 007fffff 2 80fffffe 00
0 c0000000 007fffff 3 80fffffe 00
0 c0000000 007fffff 4 80fffffe 00
0 c0000000 807fffff 0 00fffffe 00
0 c0000000 807fffff 1 00fffffe 00
0 c0000000 807fffff 2 00fffffe 00
0 c0000000 807fffff 3 00fffffe 00
0 c0000000 807fffff 4 00fffffe 00
0 c0000000 00800000 0 81000000 00
0 c0000000 00800000 1 81000000 00
0 c0000000 00800000 2 81000000 00
0 c0000000 00800000 3 81000000 00
0 c0000000 00800000 4 81000000 00
0 c0000000 80800000 0 01000000 00
0 c0000000 80800000 1 01000000 00
0 c0000000 80800000 2 01000000 00
0 c0000000 80800000 3 01000000 00
0 c0000000 80800000 4 01000000 00
0 c0000000 3f800000 0 c0000000 00
0 c0000000 3f800000 1 c0000000 00
0 c0000000 3f800000 2 c0000000 00
0 c0000000 3f800000 3 c0000000 00
0 c0000000 3f800000 4 c0000000 00
0 c0000000 bf800000 0 40000000 00
0 c0000000 bf800000 1 40000000 00
0 c0000000 bf800000 2 40000000 00
0 c0000000 bf800000 3 40000000 00
0 c0000000 bf800000 4 40000000 00
0 c0000000 3f800001 0 c0000001 00
0 c0000000 3f800001 1 c0000001 00
0 c0000000 3f800001 2 c0000001 00
0 c0000000 3f800001 3 c0000001 00
0 c0000000 3f800001 4 c0000001 00
0 c0000000 bf800001 0 40000001 00
0 c0000000 bf800001 1 40000001 00
0 c0000000 bf800001 2 40000001 00
0 c0000000 bf800001 3 40000001 00
0 c0000000 bf800001 4 40000001 00
0 c0000000 40000000 0 c0800000 00
0 c0000000 40000000 1 c0800000 00
0 c0000000 40000000 2 c0800000 00
0 c0000000 40000000 3 c0800000 00
0 c0000000 40000000 4 c0800000 00
0 c0000000 c0000000 0 40800000 00
0 c0000000 c0000000 1 40800000 00
0 c0000000 c0000000 2 40800000 00
0 c0000000 c0000000 3 40800000 00
0 c0000000 c0000000 4 40800000 00
0 c0000000 7f7fffff 0 ff800000 05
0 c0000000 7f7fffff 1 ff7fffff 05
0 c0000000 7f7fffff 2 ff800000 05
0 c0000000 7f7fffff 3 ff7fffff 05
0 c0000000 7f7fffff 4 ff800000 05
0 c0000000 ff7fffff 0 7f800000 05
0 c0000000 ff7fffff 1 7f7fffff 05
0 c0000000 ff7fffff 2 7f7fffff 05
0 c0000000 ff7fffff 3 7f800000 05
0 c0000000 ff7fffff 4 7f800000 05
0 c0000000 7f800000 0 ff800000 00
0 c0000000 7f800000 1 ff800000 00
0 c0000000 7f800000 2 ff800000 00
0 c0000000 7f800000 3 ff800000 00
0 c0000000 7f800000 4 ff800000 00
0 c0000000 ff800000 0 7f800000 00
0 c0000000 ff800000 1 7f800000 00
0 c0000000 ff800000 2 7f800000 00
0 c0000000 ff800000 3 7f800000 00
0 c0000000 ff800000 4 7f800000 00
0 c0000000 7fffffff 0 ffffffff 00
0 c0000000 7fffffff 1 ffffffff 00
0 c0000000 7fffffff 2 ffffffff 00
0 c0000000 7fffffff 3 ffffffff 00
0 c0000000 7fffffff 4 ffffffff 00
0 c0000000 ffffffff 0 7fffffff 00
0 c0000000 ffffffff 1 7fffffff 00
0 c0000000 ffffffff 2 7fffffff 00
0 c0000000 ffffffff 3 7fffffff 00
0 c0000000 ffffffff 4 7fffffff 00
0 c0000000 7f800001 0 ffc00001 10
0 c0000000 7f800001 1 ffc00001 10
0 c0000000 7f800001 2 ffc00001 10
0 c0000000 7f800001 3 ffc00001 10
0 c0000000 7f800001 4 ffc00001 10
0 c0000000 ff800001 0 7fc00001 10
0 c0000000 ff800001 1 7fc00001 10
0 c0000000 ff800001 2 7fc00001 10
0 c0000000 ff800001 3 7fc00001 10
0 c0000000 ff800001 4 7fc00001 10
0 7f7fffff 00000000 0 00000000 00
0 7f7fffff 00000000 1 00000000 00
0 7f7fffff 00000000 2 00000000 00
0 7f7fffff 00000000 3 00000000 00
0 7f7fffff 00000000 4 00000000 00
0 7f7fffff 80000000 0 80000000 00
0 7f7fffff 80000000 1 80000000 00
0 7f7fffff 80000000 2 80000000 00
0 7f7fffff 80000000 3 80000000 00
0 7f7fffff 80000000 4 80000000 00
0 7f7fffff 00000001 0 34ffffff 00
0 7f7fffff 00000001 1 34ffffff 00
0 7f7fffff 00000001 2 34ffffff 00
0 7f7fffff 00000001 3 34ffffff 00
0 7f7fffff 00000001 4 34ffffff 00
0 7f7fffff 80000001 0 b4ffffff 00
0 7f7fffff 80000001 1 b4ffffff 00
0 7f7fffff 80000001 2 b4ffffff 00
0 7f7fffff 80000001 3 b4ffffff 00
0 7f7fffff 80000001 4 b4ffffff 00
0 7f7fffff 007fffff 0 407ffffd 01
0 7f7fffff 007fffff 1 407ffffd 01
0 7f7fffff 007fffff 2 407ffffd 01
0 7f7fffff 007fffff 3 407ffffe 01
0 7f7fffff 007fffff 4 407ffffd 01
0 7f7fffff 807fffff 0 c07ffffd 01
0 7f7fffff 807fffff 1 c07ffffd 01
0 7f7fffff 807fffff 2 c07ffffe 01
0 7f7fffff 807fffff 3 c07ffffd 01
0 7f7fffff 807fffff 4 c07ffffd 01
0 7f7fffff 00800000 0 407fffff 00
0 7f7fffff 00800000 1 407fffff 00
0 7f7fffff 00800000 2 407fffff 00
0 7f7fffff 00800000 3 407fffff 00
0 7f7fffff 00800000 4 407fffff 00
0 7f7fffff 80800000 0 c07fffff 00
0 7f7fffff 80800000 1 c07fffff 00
0 7f7fffff 80800000 2 c07fffff 00
0 7f7fffff 80800000 3 c07fffff 00
0 7f7fffff 80800000 4 c07fffff 00
0 7f7fffff 3f800000 0 7f7fffff 00
0 7f7fffff 3f800000 1 7f7fffff 00
0 7f7fffff 3f800000 2 7f7fffff 00
0 7f7fffff 3f800000 3 7f7fffff 00
0 7f7fffff 3f800000 4 7f7fffff 00
0 7f7fffff bf800000 0 ff7fffff 00
0 7f7fffff bf800000 1 ff7fffff 00
0 7f7fffff bf800000 2 ff7fffff 00
0 7f7fffff bf800000 3 ff7fffff 00
0 7f7fffff bf800000 4 ff7fffff 00
0 7f7fffff 3f800001 0 7f800000 05
0 7f7fffff 3f800001 1 7f7fffff 05
0 7f7fffff 3f800001 2 7f7fffff 05
0 7f7fffff 3f800001 3 7f800000 05
0 7f7fffff 3f800001 4 7f800000 05
0 7f7fffff bf800001 0 ff800000 05
0 7f7fffff bf800001 1 ff7fffff 05
0 7f7fffff bf800001 2 ff800000 05
0 7f7fffff bf800001 3 ff7fffff 05
0 7f7fffff bf800001 4 ff800000 05
0 7f7fffff 40000000 0 7f800000 05
0 7f7fffff 40000000 1 7f7fffff 05
0 7f7fffff 40000000 2 7f7fffff 05
0 7f7fffff 40000000 3 7f800000 05
0 7f7fffff 40000000 4 7f800000 05
0 7f7fffff c0000000 0 ff800000 05
0 7f7fffff c0000000 1 ff7fffff 05
0 7f7fffff c0000000 2 ff800000 05
0 7f7fffff c0000000 3 ff7fffff 05
0 7f7fffff c0000000 4 ff800000 05
0 7f7fffff 7f7fffff 0 7f800000 05
0 7f7fffff 7f7fffff 1 7f7fffff 05
0 7f7fffff 7f7fffff 2 7f7fffff 05
0 7f7fffff 7f7fffff 3 7f800000 05
0 7f7fffff 7f7fffff 4 7f800000 05
0 7f7fffff ff7fffff 0 ff800000 05
0 7f7fffff ff7fffff 1 ff7fffff 05
0 7f7fffff ff7fffff 2 ff800000 05
0 7f7fffff ff7fffff 3 ff7fffff 05
0 7f7fffff ff7fffff 4 ff800000 05
0 7f7fffff 7f800000 0 7f800000 00
0 7f7fffff 7f800000 1 7f800000 00
0 7f7fffff 7f800000 2 7f800000 00
0 7f7fffff 7f800000 3 7f800000 00
0 7f7fffff 7f800000 4 7f800000 00
0 7f7fffff ff800000 0 ff800000 00
0 7f7fffff ff800000 1 ff800000 00
0 7f7fffff ff800000 2 ff800000 00
0 7f7fffff ff800000 3 ff800000 00
0 7f7fffff ff800000 4 ff800000 00
0 7f7fffff 7fffffff 0 7fffffff 00
0 7f7fffff 7fffffff 1 7fffffff 00
0 7f7fffff 7fffffff 2 7fffffff 00
0 7f7fffff 7fffffff 3 7fffffff 00
0 7f7fffff 7fffffff 4 7fffffff 00
0 7f7fffff ffffffff 0 ffffffff 00
0 7f7fffff ffffffff 1 ffffffff 00
0 7f7fffff ffffffff 2 ffffffff 00
0 7f7fffff ffffffff 3 ffffffff 00
0 7f7fffff ffffffff 4 ffffffff 00
0 7f7fffff 7f800001 0 7fc00001 10
0 7f7fffff 7f800001 1 7fc00001 10
0 7f7fffff 7f800001 2 7fc00001 10
0 7f7fffff 7f800001 3 7fc00001 10
0 7f7fffff 7f800001 4 7fc00001 10
0 7f7fffff ff800001 0 ffc00001 10
0 7f7fffff ff800001 1 ffc00001 10
0 7f7fffff ff800001 2 ffc00001 10
0 7f7fffff ff800001 3 ffc00001 10
0 7f7fffff ff800001 4 ffc00001 10
0 ff7fffff 00000000 0 80000000 00
0 ff7fffff 00000000 1 80000000 00
0 ff7fffff 00000000 2 80000000 00
0 ff7fffff 00000000 3 80000000 00
0 ff7fffff 00000000 4 80000000 00
0 ff7fffff 80000000 0 00000000 00
0 ff7fffff 80000000 1 00000000 00
0 ff7fffff 80000000 2 00000000 00
0 ff7fffff 80000000 3 00000000 00
0 ff7fffff 80000000 4 00000000 00
0 ff7fffff 00000001 0 b4ffffff 00
0 ff7fffff 00000001 1 b4ffffff 00
0 ff7fffff 00000001 2 b4ffffff 00
0 ff7fffff 00000001 3 b4ffffff 00
0 ff7fffff 00000001 4 b4ffffff 00
0 ff7fffff 80000001 0 34ffffff 00
0 ff7fffff 80000001 1 34ffffff 00
0 ff7fffff 80000001 2 34ffffff 00
0 ff7fffff 80000001 3 34ffffff 00
0 ff7fffff 80000001 4 34ffffff 00
0 ff7fffff 007fffff 0 c07ffffd 01
0 ff7fffff 007fffff 1 c07ffffd 01
0 ff7fffff 007fffff 2 c07ffffe 01
0 ff7fffff 007fffff 3 c07ffffd 01
0 ff7fffff 007fffff 4 c07ffffd 01
0 ff7fffff 807fffff 0 407ffffd 01
0 ff7fffff 807fffff 1 407ffffd 01
0 ff7fffff 807fffff 2 407ffffd 01
0 ff7fffff 807fffff 3 407ffffe 01
0 ff7fffff 807fffff 4 407ffffd 01
0 ff7fffff 00800000 0 c07fffff 00
0 ff7fffff 00800000 1 c07fffff 00
0 ff7fffff 00800000 2 c07fffff 00
0 ff7fffff 00800000 3 c07fffff 00
0 ff7fffff 00800000 4 c07fffff 00
0 ff7fffff 80800000 0 407fffff 00
0 ff7fffff 80800000 1 407fffff 00
0 ff7fffff 80800000 2 407fffff 00
0 ff7fffff 80800000 3 407fffff 00
0 ff7fffff 80800000 4 407fffff 00
0 ff7fffff 3f800000 0 ff7fffff 00
0 ff7fffff 3f800000 1 ff7fffff 00
0 ff7fffff 3f800000 2 ff7fffff 00
0 ff7fffff 3f800000 3 ff7fffff 00
0 ff7fffff 3f800000 4 ff7fffff 00
0 ff7fffff bf800000 0 7f7fffff 00
0 ff7fffff bf800000 1 7f7fffff 00
0 ff7fffff bf800000 2 7f7fffff 00
0 ff7fffff bf800000 3 7f7fffff 00
0 ff7fffff bf800000 4 7f7fffff 00
0 ff7fffff 3f800001 0 ff800000 05
0 ff7fffff 3f800001 1 ff7fffff 05
0 ff7fffff 3f800001 2 ff800000 05
0 ff7fffff 3f800001 3 ff7fffff 05
0 ff7fffff 3f800001 4 ff800000 05
0 ff7fffff bf800001 0 7f800000 05
0 ff7fffff bf800001 1 7f7fffff 05
0 ff7fffff bf800001 2 7f7fffff 05
0 ff7fffff bf800001 3 7f800000 05
0 ff7fffff bf800001 4 7f800000 05
0 ff7fffff 40000000 0 ff800000 05
0 ff7fffff 40000000 1 ff7fffff 05
0 ff7fffff 40000000 2 ff800000 05
0 ff7fffff 40000000 3 ff7fffff 05
0 ff7fffff 40000000 4 ff800000 05
0 ff7fffff c0000000 0 7f800000 05
0 ff7fffff c0000000 1 7f7fffff 05
0 ff7fffff c0000000 2 7f7fffff 05
0 ff7fffff c0000000 3 7f800000 05
0 ff7fffff c0000000 4 7f800000 05
0 ff7fffff 7f7fffff 0 ff800000 05
0 ff7fffff 7f7fffff 1 ff7fffff 05
0 ff7fffff 7f7fffff 2 ff800000 05
0 ff7fffff 7f7fffff 3 ff7fffff 05
0 ff7fffff 7f7fffff 4 ff800000 05
0 ff7fffff ff7fffff 0 7f800000 05
0 ff7fffff ff7fffff 1 7f7fffff 05
0 ff7fffff ff7fffff 2 7f7fffff 05
0 ff7fffff ff7fffff 3 7f800000 05
0 ff7fffff ff7fffff 4 7f800000 05
0 ff7fffff 7f800000 0 ff800000 00
0 ff7fffff 7f800000 1 ff800000 00
0 ff7fffff 7f800000 2 ff800000 00
0 ff7fffff 7f800000 3 ff800000 00
0 ff7fffff 7f800000 4 ff800000 00
0 ff7fffff ff800000 0 7f800000 00
0 ff7fffff ff800000 1 7f800000 00
0 ff7fffff ff800000 2 7f800000 00
0 ff7fffff ff800000 3 7f800000 00
0 ff7fffff ff800000 4 7f800000 00
0 ff7fffff 7fffffff 0 ffffffff 00
0 ff7fffff 7fffffff 1 ffffffff 00
0 ff7fffff 7fffffff 2 ffffffff 00
0 ff7fffff 7fffffff 3 ffffffff 00
0 ff7fffff 7fffffff 4 ffffffff 00
0 ff7fffff ffffffff 0 7fffffff 00
0 ff7fffff ffffffff 1 7fffffff 00
0 ff7fffff ffffffff 2 7fffffff 00
0 ff7fffff ffffffff 3 7fffffff 00
0 ff7fffff ffffffff 4 7fffffff 00
0 ff7fffff 7f800001 0 ffc00001 10
0 ff7fffff 7f800001 1 ffc00001 10
0 ff7fffff 7f800001 2 ffc00001 10
0 ff7fffff 7f800001 3 ffc00001 10
0 ff7fffff 7f800001 4 ffc00001 10
0 ff7fffff ff800001 0 7fc00001 10
0 ff7fffff ff800001 1 7fc00001 10
0 ff7fffff ff800001 2 7fc00001 10
0 ff7fffff ff800001 3 7fc00001 10
0 ff7fffff ff800001 4 7fc00001 10
0 7f800000 00000000 0 7fc00000 10
0 7f800000 00000000 1 7fc00000 10
0 7f800000 00000000 2 7fc00000 10
0 7f800000 00000000 3 7fc00000 10
0 7f800000 00000000 4 7fc00000 10
0 7f800000 80000000 0 ffc00000 10
0 7f800000 80000000 1 ffc00000 10
0 7f800000 80000000 2 ffc00000 10
0 7f800000 80000000 3 ffc00000 10
0 7f800000 80000000 4 ffc00000 10
0 7f800000 00000001 0 7f800000 00
0 7f800000 00000001 1 7f800000 00
0 7f800000 00000001 2 7f800000 00
0 7f800000 00000001 3 7f800000 00
0 7f800000 00000001 4 7f800000 00
0 7f800000 80000001 0 ff800000 00
0 7f800000 80000001 1 ff800000 00
0 7f800000 80000001 2 ff800000 00
0 7f800000 80000001 3 ff800000 00
0 7f800000 80000001 4 ff800000 00
0 7f800000 007fffff 0 7f800000 00
0 7f800000 007fffff 1 7f800000 00
0 7f800000 007fffff 2 7f800000 00
0 7f800000 007fffff 3 7f800000 00
0 7f800000 007fffff 4 7f800000 00
0 7f800000 807fffff 0 ff800000 00
0 7f800000 807fffff 1 ff800000 00
0 7f800000 807fffff 2 ff800000 00
0 7f800000 807fffff 3 ff800000 00
0 7f800000 807fffff 4 ff800000 00
0 7f800000 00800000 0 7f800000 00
0 7f800000 00800000 1 7f800000 00
0 7f800000 00800000 2 7f800000 00
0 7f800000 00800000 3 7f800000 00
0 7f800000 00800000 4 7f800000 00
0 7f800000 80800000 0 ff800000 00
0 7f800000 80800000 1 ff800000 00
0 7f800000 80800000 2 ff800000 00
0 7f800000 80800000 3 ff800000 00
0 7f800000 80800000 4 ff800000 00
0 7f800000 3f800000 0 7f800000 00
0 7f800000 3f800000 1 7f800000 00
0 7f800000 3f800000 2 7f800000 00
0 7f800000 3f800000 3 7f800000 00
0 7f800000 3f800000 4 7f800000 00
0 7f800000 bf800000 0 ff800000 00
0 7f800000 bf800000 1 ff800000 00
0 7f800000 bf800000 2 ff800000 00
0 7f800000 bf800000 3 ff800000 00
0 7f800000 bf800000 4 ff800000 00
0 7f800000 3f800001 0 7f800000 00
0 7f800000 3f800001 1 7f800000 00
0 7f800000 3f800001 2 7f800000 00
0 7f800000 3f800001 3 7f800000 00
0 7f800000 3f800001 4 7f800000 00
0 7f800000 bf800001 0 ff800000 00
0 7f800000 bf800001 1 ff800000 00
0 7f800000 bf800001 2 ff800000 00
0 7f800000 bf800001 3 ff800000 00
0 7f800000 bf800001 4 ff800000 00
0 7f800000 40000000 0 7f800000 00
0 7f800000 40000000 1 7f800000 00
0 7f800000 40000000 2 7f800000 00
0 7f800000 40000000 3 7f800000 00
0 7f800000 40000000 4 7f800000 00
0 7f800000 c0000000 0 ff800000 00
0 7f800000 c0000000 1 ff800000 00
0 7f800000 c0000000 2 ff800000 00
0 7f800000 c0000000 3 ff800000 00
0 7f800000 c0000000 4 ff800000 00
0 7f800000 7f7fffff 0 7f800000 00
0 7f800000 7f7fffff 1 7f800000 00
0 7f800000 7f7fffff 2 7f800000 00
0 7f800000 7f7fffff 3 7f800000 00
0 7f800000 7f7fffff 4 7f800000 00
0 7f800000 ff7fffff 0 ff800000 00
0 7f800000 ff7fffff 1 ff800000 00
0 7f800000 ff7fffff 2 ff800000 00
0 7f800000 ff7fffff 3 ff800000 00
0 7f800000 ff7fffff 4 ff800000 00
0 7f800000 7f800000 0 7f800000 00
0 7f800000 7f800000 1 7f800000 00
0 7f800000 7f800000 2 7f800000 00
0 7f800000 7f800000 3 7f800000 00
0 7f800000 7f800000 4 7f800000 00
0 7f800000 ff800000 0 ff800000 00
0 7f800000 ff800000 1 ff800000 00
0 7f800000 ff800000 2 ff800000 00
0 7f800000 ff800000 3 ff800000 00
0 7f800000 ff800000 4 ff800000 00
0 7f800000 7fffffff 0 7fffffff 00
0 7f800000 7fffffff 1 7fffffff 00
0 7f800000 7fffffff 2 7fffffff 00
0 7f800000 7fffffff 3 7fffffff 00
0 7f800000 7fffffff 4 7fffffff 00
0 7f800000 ffffffff 0 ffffffff 00
0 7f800000 ffffffff 1 ffffffff 00
0 7f800000 ffffffff 2 ffffffff 00
0 7f800000 ffffffff 3 ffffffff 00
0 7f800000 ffffffff 4 ffffffff 00
0 7f800000 7f800001 0 7fc00001 10
0 7f800000 7f800001 1 7fc00001 10
0 7f800000 7f800001 2 7fc00001 10
0 7f800000 7f800001 3 7fc00001 10
0 7f800000 7f800001 4 7fc00001 10
0 7f800000 ff800001 0 ffc00001 10
0 7f800000 ff800001 1 ffc00001 10
0 7f800000 ff800001 2 ffc00001 10
0 7f800000 ff800001 3 ffc00001 10
0 7f800000 ff800001 4 ffc00001 10
0 ff800000 00000000 0 ffc00000 10
0 ff800000 00000000 1 ffc00000 10
0 ff800000 00000000 2 ffc00000 10
0 ff800000 00000000 3 ffc00000 10
0 ff800000 00000000 4 ffc00000 10
0 ff800000 80000000 0 7fc00000 10
0 ff800000 80000000 1 7fc00000 10
0 ff800000 80000000 2 7fc00000 10
0 ff800000 80000000 3 7fc00000 10
0 ff800000 80000000 4 7fc00000 10
0 ff800000 00000001 0 ff800000 00
0 ff800000 00000001 1 ff800000 00
0 ff800000 00000001 2 ff800000 00
0 ff800000 00000001 3 ff800000 00
0 ff800000 00000001 4 ff800000 00
0 ff800000 80000001 0 7f800000 00
0 ff800000 80000001 1 7f800000 00
0 ff800000 80000001 2 7f800000 00
0 ff800000 80000001 3 7f800000 00
0 ff800000 80000001 4 7f800000 00
0 ff800000 007fffff 0 ff800000 00
0 ff800000 007fffff 1 ff800000 00
0 ff800000 007fffff 2 ff800000 00
0 ff800000 007fffff 3 ff800000 00
0 ff800000 007fffff 4 ff800000 00
0 ff800000 807fffff 0 7f800000 00
0 ff800000 807fffff 1 7f800000 00
0 ff800000 807fffff 2 7f800000 00
0 ff800000 807fffff 3 7f800000 00
0 ff800000 807fffff 4 7f800000 00
0 ff800000 00800000 0 ff800000 00
0 ff800000 00800000 1 ff800000 00
0 ff800000 00800000 2 ff800000 00
0 ff800000 00800000 3 ff800000 00
0 ff800000 00800000 4 ff800000 00
0 ff800000 80800000 0 7f800000 00
0 ff800000 80800000 1 7f800000 00
0 ff800000 80800000 2 7f800000 00
0 ff800000 80800000 3 7f800000 00
0 ff800000 80800000 4 7f800000 00
0 ff800000 3f800000 0 ff800000 00
0 ff800000 3f800000 1 ff800000 00
0 ff800000 3f800000 2 ff800000 00
0 ff800000 3f800000 3 ff800000 00
0 ff800000 3f800000 4 ff800000 00
0 ff800000 bf800000 0 7f800000 00
0 ff800000 bf800000 1 7f800000 00
0 ff800000 bf800000 2 7f800000 00
0 ff800000 bf800000 3 7f800000 00
0 ff800000 bf800000 4 7f800000 00
0 ff800000 3f800001 0 ff800000 00
0 ff800000 3f800001 1 ff800000 00
0 ff800000 3f800001 2 ff800000 00
0 ff800000 3f800001 3 ff800000 00
0 ff800000 3f800001 4 ff800000 00
0 ff800000 bf800001 0 7f800000 00
0 ff800000 bf800001 1 7f800000 00
0 ff800000 bf800001 2 7f800000 00
0 ff800000 bf800001 3 7f800000 00
0 ff800000 bf800001 4 7f800000 00
0 ff800000 40000000 0 ff800000 00
0 ff800000 40000000 1 ff800000 00
0 ff800000 40000000 2 ff800000 00
0 ff800000 40000000 3 ff800000 00
0 ff800000 40000000 4 ff800000 00
0 ff800000 c0000000 0 7f800000 00
0 ff800000 c0000000 1 7f800000 00
0 ff800000 c0000000 2 7f800000 00
0 ff800000 c0000000 3 7f800000 00
0 ff800000 c0000000 4 7f800000 00
0 ff800000 7f7fffff 0 ff800000 00
0 ff800000 7f7fffff 1 ff800000 00
0 ff800000 7f7fffff 2 ff800000 00
0 ff800000 7f7fffff 3 ff800000 00
0 ff800000 7f7fffff 4 ff800000 00
0 ff800000 ff7fffff 0 7f800000 00
0 ff800000 ff7fffff 1 7f800000 00
0 ff800000 ff7fffff 2 7f800000 00
0 ff800000 ff7fffff 3 7f800000 00
0 ff800000 ff7fffff 4 7f800000 00
0 ff800000 7f800000 0 ff800000 00
0 ff800000 7f800000 1 ff800000 00
0 ff800000 7f800000 2 ff800000 00
0 ff800000 7f800000 3 ff800000 00
0 ff800000 7f800000 4 ff800000 00
0 ff800000 ff800000 0 7f800000 00
0 ff800000 ff800000 1 7f800000 00
0 ff800000 ff800000 2 7f800000 00
0 ff800000 ff800000 3 7f800000 00
0 ff800000 ff800000 4 7f800000 00
0 ff800000 7fffffff 0 ffffffff 00
0 ff800000 7fffffff 1 ffffffff 00
0 ff800000 7fffffff 2 ffffffff 00
0 ff800000 7fffffff 3 ffffffff 00
0 ff800000 7fffffff 4 ffffffff 00
0 ff800000 ffffffff 0 7fffffff 00
0 ff800000 ffffffff 1 7fffffff 00
0 ff800000 ffffffff 2 7fffffff 00
0 ff800000 ffffffff 3 7fffffff 00
0 ff800000 ffffffff 4 7fffffff 00
0 ff800000 7f800001 0 ffc00001 10
0 ff800000 7f800001 1 ffc00001 10
0 ff800000 7f800001 2 ffc00001 10
0 ff800000 7f800001 3 ffc00001 10
0 ff800000 7f800001 4 ffc00001 10
0 ff800000 ff800001 0 7fc00001 10
0 ff800000 ff800001 1 7fc00001 10
0 ff800000 ff800001 2 7fc00001 10
0 ff800000 ff800001 3 7fc00001 10
0 ff800000 ff800001 4 7fc00001 10
0 7fffffff 00000000 0 7fffffff 00
0 7fffffff 00000000 1 7fffffff 00
0 7fffffff 00000000 2 7fffffff 00
0 7fffffff 00000000 3 7fffffff 00
0 7fffffff 00000000 4 7fffffff 00
0 7fffffff 80000000 0 ffffffff 00
0 7fffffff 80000000 1 ffffffff 00
0 7fffffff 80000000 2 ffffffff 00
0 7fffffff 80000000 3 ffffffff 00
0 7fffffff 80000000 4 ffffffff 00
0 7fffffff 00000001 0 7fffffff 00
0 7fffffff 00000001 1 7fffffff 00
0 7fffffff 00000001 2 7fffffff 00
0 7fffffff 00000001 3 7fffffff 00
0 7fffffff 00000001 4 7fffffff 00
0 7fffffff 80000001 0 ffffffff 00
0 7fffffff 80000001 1 ffffffff 00
0 7fffffff 80000001 2 ffffffff 00
0 7fffffff 80000001 3 ffffffff 00
0 7fffffff 80000001 4 ffffffff 00
